              precision    recall  f1-score   support

        0-12       0.62      0.56      0.59       524
       13-17       0.00      0.00      0.00       113
       18-24       0.00      0.00      0.00       399
       25-34       0.41      0.79      0.54      1125
       35-44       0.30      0.08      0.12       533
       45-54       0.23      0.09      0.13       341
       55-64       0.25      0.06      0.10       262
         65+       0.28      0.57      0.38       320

    accuracy                           0.40      3617
   macro avg       0.26      0.27      0.23      3617
weighted avg       0.33      0.40      0.32      3617
